%YAML:1.0
R: !!opencv-matrix
   rows: 3
   cols: 3
   dt: d
   data: [ 9.9480748646242412e-001, 1.7754869676401119e-002,
       1.0021391859960321e-001, -1.7751139794132894e-002,
       9.9984200452552197e-001, -9.2898998660864045e-004,
       -1.0021457935012767e-001, -8.5474508485249218e-004,
       9.9496548055523859e-001 ]
T: !!opencv-matrix
   rows: 3
   cols: 1
   dt: d
   data: [ -1.6049899536027997e+004, 1.5712248664783093e+002,
       8.2919192180113589e+002 ]
R1: !!opencv-matrix
   rows: 3
   cols: 3
   dt: d
   data: [ 9.9877885746522632e-001, 7.9998991079438895e-003,
       4.8752389630867241e-002, -7.9997720817810234e-003,
       9.9996798176242130e-001, -1.9772867593093559e-004,
       -4.8752410474731715e-002, -1.9252078445469980e-004,
       9.9881087569602034e-001 ]
R2: !!opencv-matrix
   rows: 3
   cols: 3
   dt: d
   data: [ 9.9862038989888346e-001, -9.7761184439910595e-003,
       -5.1592096161827035e-002, 9.7762528743819688e-003,
       9.9995218010718490e-001, -2.4975713041588385e-004,
       5.1592070688607647e-002, -2.5496481544150538e-004,
       9.9866820978491389e-001 ]
P1: !!opencv-matrix
   rows: 3
   cols: 4
   dt: d
   data: [ 8.0158119490272406e+002, 0., 5.1295805740356445e+002, 0., 0.,
       8.0158119490272406e+002, 3.8318750000000000e+002, 0., 0., 0., 1.,
       0. ]
P2: !!opencv-matrix
   rows: 3
   cols: 4
   dt: d
   data: [ 8.0158119490272406e+002, 0., 5.1295805740356445e+002,
       -1.2883071263406383e+007, 0., 8.0158119490272406e+002,
       3.8318750000000000e+002, 0., 0., 0., 1., 0. ]
Q: !!opencv-matrix
   rows: 4
   cols: 4
   dt: d
   data: [ 1., 0., 0., -5.1295805740356445e+002, 0., 1., 0.,
       -3.8318750000000000e+002, 0., 0., 0., 8.0158119490272406e+002, 0.,
       0., 6.2219728395011592e-005, 0. ]
