%YAML:1.0
M1: !!opencv-matrix
   rows: 3
   cols: 3
   dt: d
   data: [ 8.9091108039843175e+002, 0., 5.1096428649266994e+002, 0.,
       8.9091108039843175e+002, 3.8281631881393622e+002, 0., 0., 1. ]
D1: !!opencv-matrix
   rows: 1
   cols: 8
   dt: d
   data: [ 8.6979054860171733e-003, -1.2440756193412254e-001, 0., 0., 0.,
       0., 0., -7.1926141153486267e-001 ]
M2: !!opencv-matrix
   rows: 3
   cols: 3
   dt: d
   data: [ 8.9091108039843175e+002, 0., 5.1096410140513984e+002, 0.,
       8.9091108039843175e+002, 3.8281649457999572e+002, 0., 0., 1. ]
D2: !!opencv-matrix
   rows: 1
   cols: 8
   dt: d
   data: [ 1.2613110346188476e-002, -1.3590824455477488e-001, 0., 0., 0.,
       0., 0., -5.2769376507283916e-001 ]
